4.000000155910918 0.9384386902813688 -4.0000000479459334 -1.8093051464403178 -1.1373250147917344 -1.58813048158311 -0.6637561615429336 4.2001174957928455 -3.0000001169331885 -2.930795152716594 -0.9688248290842476 -2.234483561015956 -0.031468327231994886 -4.000000193654298 -0.6131055732069062 -1.6545980315109592 1.1316570475012382 -0.8136346488560044 -3.000000135501869 1.628120551231342 
0.9384386902813688 5.000000237037015 -3.520920441106427 -0.5420699119075008 -3.9476386060229878 1.064339398170575 1.3802138198649985 -0.11634021251786986 1.6026994913328343 -2.4182596502985794 1.0918234680442156 -0.30080669034584717 0.49481243160895083 -2.4809442961160113 1.1898054870693864 -2.207224861097755 -0.46462208954659556 0.5976318903589845 -1.070233611094098 0.7771513384785 
-4.0000000479459334 -3.520920441106427 6.0000000719189 3.0698479133495344 2.0418821507547693 0.7866293582374677 -0.37416486407854577 -0.8573028145223354 1.3881414730603865 1.6150113625891307 -1.400496891054246 2.0544853531398997 0.9419999960260719 4.3012720569823895 -1.5317001351525081 1.5954032329684804 2.401815529765603 2.644780228353978 5.156699284676598 -0.5375774445248432 
-1.8093051464403178 -0.5420699119075008 3.0698479133495344 5.999999678780055 -1.5492161083132217 1.4658493356308697 2.552445551009577 -0.17305948273978378 0.49191412116757316 1.6864112008934167 0.9206855488074743 2.518698749125636 2.6082085740659204 2.8293081642134212 -0.27005557540977043 -0.0024396570705484955 1.7428045531997547 0.5746371007041349 2.715719382133157 1.0379248004812847 
-1.1373250147917344 -3.9476386060229878 2.0418821507547693 -1.5492161083132217 9.0 -2.0833530917567495 -3.126633307701451 2.0708819737641475 0.2875476902265214 -3.2857585314458224 -4.000000051356126 -1.1519619417616016 -3.0000001146325435 0.08308568176285824 -1.4464708392933612 0.997260929525295 1.8311947528152024 3.5178572616247745 2.3171065328341807 -1.6411861939366745 
-1.58813048158311 1.064339398170575 0.7866293582374677 1.4658493356308697 -2.0833530917567495 5.000000104763645 1.077306366308076 -1.3179519799606787 0.326387107281835 -1.0368402092454878 2.1388762581351948 0.71101297694775 0.48444251697606067 0.691432259436338 1.0096061323531136 0.9259154743556126 1.6100923159212273 3.1630910361573252 1.9719889181151364 0.0767758192206438 
-0.6637561615429336 1.3802138198649985 -0.37416486407854577 2.552445551009577 -3.126633307701451 1.077306366308076 5.000000213172672 -2.862338318545564 0.5161023090952661 0.49066765742933693 1.8026386674441293 3.6371270845755834 1.8924177017306052 -1.6120097181535993 -3.50594452253992 -3.0000001313744873 -1.548194105936048 -3.9999999999999996 -1.1872345631302306 0.25092722550623225 
4.2001174957928455 -0.11634021251786986 -0.8573028145223354 -0.17305948273978378 2.0708819737641475 -1.3179519799606787 -2.862338318545564 6.000000258081255 -1.9679078812813195 -3.1213152142190568 -3.5815037114558157 -2.4547869178705253 -1.3431651161044256 -1.5663050043562536 1.2867618810916852 0.16400085936431208 2.5138155447822808 2.5189750431930467 0.12503198973293306 0.9349733876464401 
-3.0000001169331885 1.6026994913328343 1.3881414730603865 0.49191412116757316 0.2875476902265214 0.326387107281835 0.5161023090952661 -1.9679078812813195 8.000000311821836 -3.5835861764366994 -3.43143525887647 -1.4798267949739838 -2.5273590817046765 -0.5804748829408188 -2.162204730075593 -2.470771650822028 -1.9999999553075063 3.682596143859834 1.166047626377625 -2.9999999357075646 
-2.930795152716594 -2.4182596502985794 1.6150113625891307 1.6864112008934167 -3.2857585314458224 -1.0368402092454878 0.49066765742933693 -3.1213152142190568 -3.5835861764366994 3.9999998665172085 0.738060702323772 3.3154590394121835 3.101884984430863 3.050354377681265 -3.1129745805500217 -0.4493525186503601 1.4529078992284379 -0.9775357624871008 3.0382038938178444 1.7335227702804703 
-0.9688248290842476 1.0918234680442156 -1.400496891054246 0.9206855488074743 -4.000000051356126 2.1388762581351948 1.8026386674441293 -3.5815037114558157 -3.43143525887647 0.738060702323772 4.000000051356125 1.7285117067447193 1.6563276476271014 -0.0733569740044282 -0.37080483534265696 -0.7720838816028599 0.7735147544670371 -0.39643687579843817 0.2645848566001786 1.7354300696749987 
-2.234483561015956 -0.30080669034584717 2.0544853531398997 2.518698749125636 -1.1519619417616016 0.71101297694775 3.6371270845755834 -2.4547869178705253 -1.4798267949739838 3.3154590394121835 1.7285117067447193 5.0 1.2859797546700533 0.7094312160269842 -4.000000150537434 -1.3346322192032365 -0.0941516514412748 -2.6316392842105043 1.7734630971499619 0.36368066307274827 
-0.031468327231994886 0.49481243160895083 0.9419999960260719 2.6082085740659204 -3.0000001146325435 0.48444251697606067 1.8924177017306052 -1.3431651161044256 -2.5273590817046765 3.101884984430863 1.6563276476271014 1.2859797546700533 5.000000191054239 0.9656290733971087 -3.0375599427516176 -2.0037474353510527 0.2786567152572398 -1.502699565434716 0.9997245021164487 0.7675498847150908 
-4.000000193654298 -2.4809442961160113 4.3012720569823895 2.8293081642134212 0.08308568176285824 0.691432259436338 -1.6120097181535993 -1.5663050043562536 -0.5804748829408188 3.050354377681265 -0.0733569740044282 0.7094312160269842 0.9656290733971087 6.000000290481445 1.3912609532291231 1.7559948805989836 2.742558967946633 5.919077308519351 6.008236842452337 0.38699115001765483 
-0.6131055732069062 1.1898054870693864 -1.5317001351525081 -0.27005557540977043 -1.4464708392933612 1.0096061323531136 -3.50594452253992 1.2867618810916852 -2.162204730075593 -3.1129745805500217 -0.37080483534265696 -4.000000150537434 -3.0375599427516176 1.3912609532291231 7.0000002634405085 1.5374106806757413 2.7425689790652314 6.341336347083311 1.7676751348108093 1.1367237792088036 
-1.6545980315109592 -2.207224861097755 1.5954032329684804 -0.0024396570705484955 0.997260929525295 0.9259154743556126 -3.0000001313744873 0.16400085936431208 -2.470771650822028 -0.4493525186503601 -0.7720838816028599 -1.3346322192032365 -2.0037474353510527 1.7559948805989836 1.5374106806757413 4.000000175165983 4.073351354240661 5.457992811305859 4.163406898201421 0.36410970792632313 
1.1316570475012382 -0.46462208954659556 2.401815529765603 1.7428045531997547 1.8311947528152024 1.6100923159212273 -1.548194105936048 2.5138155447822808 -1.9999999553075063 1.4529078992284379 0.7735147544670371 -0.0941516514412748 0.2786567152572398 2.742558967946633 2.7425689790652314 4.073351354240661 4.999999888268766 5.332934423310789 3.602762946345415 2.116780437131985 
-0.8136346488560044 0.5976318903589845 2.644780228353978 0.5746371007041349 3.5178572616247745 3.1630910361573252 -3.9999999999999996 2.5189750431930467 3.682596143859834 -0.9775357624871008 -0.39643687579843817 -2.6316392842105043 -1.502699565434716 5.919077308519351 6.341336347083311 5.457992811305859 5.332934423310789 10.999999999999998 4.569921087324811 -1.065302534726059 
-3.000000135501869 -1.070233611094098 5.156699284676598 2.715719382133157 2.3171065328341807 1.9719889181151364 -1.1872345631302306 0.12503198973293306 1.166047626377625 3.0382038938178444 0.2645848566001786 1.7734630971499619 0.9997245021164487 6.008236842452337 1.7676751348108093 4.163406898201421 3.602762946345415 4.569921087324811 7.000000316171027 -0.43029391629827807 
1.628120551231342 0.7771513384785 -0.5375774445248432 1.0379248004812847 -1.6411861939366745 0.0767758192206438 0.25092722550623225 0.9349733876464401 -2.9999999357075646 1.7335227702804703 1.7354300696749987 0.36368066307274827 0.7675498847150908 0.38699115001765483 1.1367237792088036 0.36410970792632313 2.116780437131985 -1.065302534726059 -0.43029391629827807 3.999999914276753 
